CameraParam:
  fx: 1060.9519250597548
  fy: 1061.8879236426931
  cx: 637.66820355859386
  cy: 353.17681591993608
DistCoeffs:
  k1: 0.11248776908147623
  k2: -0.07977594787469823
  p1: 0.00015982892651133785
  p2: 0.00022628395656536127
  k3: -0.35679303324863398
ReproErr: 0.27143844370693848