CameraParam:
  fx: 1063.6576660636911
  fy: 1063.7219888214754
  cx: 637.21665408705758
  cy: 355.3313889501876
DistCoeffs:
  k1: 0.11380542627531599
  k2: -0.060997862862180785
  p1: 0.0014675780963086739
  p2: -0.00094516722640224245
  k3: -0.35046433733205279
ReproErr: 0.28764943354994887