CameraParam:
  fx: 439.08265748903739
  fy: 441.44443250500717
  cx: 330.06294407685857
  cy: 229.82133863302496
DistCoeffs:
  k1: 0.20694532262206786
  k2: -0.3477765880987454
  p1: -0.00045902787910354851
  p2: -0.00051419858997430812
  k3: 0.22093431136003508
ReproErr: 0.25761159143892509